11110111101111011110111101111011110111101111011110
11101111011110111101111011110111101111011110111101
11011110111101111011110111101111011110111101111011
10111101111011110111101111011110111101111011110111
01111011110111101111011100111101111011110111101111
11110111101111011110111100111011110111101111011110
11101111011110111101100000000111101111011110111101
11011110111101111011100000000111011110111101111011
10111101111011110111100000001110111101111011110111
01111011110111101111011100111101111011110111101111
11110111101111011110111100111011110111101111011110
11101111011110111101111000110111101111011110111101
11011110111101111011110000001111011110111101111011
10111101111011110111100000001110111101111011110111
01111011110111101111000001000101111011110111101111
11110111101111011110000011000011110111101111011110
11101111010000000001000100100011000000001110111101
11011110000000000000000100100000000000000001111011
10111100001111111000000100100000011111100000110111
01111000001100001110000100100001110000111000101111
11110100111000000011000100100011000000011000011110
11101000110000000001100011000110000000001110011101
11011001100000000000100011001100000000000110011011
10111001100000000000010000001000000000000110010111
01111001100000000000010000011000000000000100001111
11110000110000000000001000110000000000001100011110
11101000010000000000001100110000000000001000011101
11011100011000000000000100100000000000011000111011
10111100001100000000000100100000000000110000110111
01111010000110000000000100110000000011100001101111
11110111000011000000011100110000000011000011011110
11101111000001101111111000011111111110000110111101
11011110110000111000000000000000011100001101111011
10111101111000000000000000000000000000011011110111
01111011110000000000000000000000000000010111101111
11110111101100000111111111111111100000101111011110
11101111011100001100100010001001110000011110111101
11011110111100011000000000000000011000111101111011
10111101111000000001111111111110000000111011110111
01111011110000011111000000000011111000000111101111
11110111100000110000000000000000011100001111011110
11101111010000000000000000000000000000001110111101
11011110111100000000000000000000000000111101111011
10111101111011000000000000000000000001111011110111
01111011110111101110000000000001111011110111101111
11110111101111011110111101111011110111101111011110
11101111011110111101111011110111101111011110111101
11011110111101111011110111101111011110111101111011
10111101111011110111101111011110111101111011110111
01111011110111101111011110111101111011110111101111
11110111101111011110111101111011110111101111011110
11101111011110111101111011110111101111011110111101
11011110111101111011110111101111011110111101111011
10111101111011110111101111011110111101111011110111
01111011110111101111011110111101111011110111101111
11110111101111011110111101111011110111101111011110
11101111011110111101111000010111101111011110111101
11011110111101000011110000001111010000111101111011
10111101111010000011100000000110100000111011110111
01111011110100000001010000000101000000010111101111
11110111101100000000111000001011000000001111011110
11101000011110000001111000010111100000011100001101
11010000011100000011110100001111000000111000000011
10110000001011000011101100011110100001111000000111
01110000000111100011011100011101100011110000000111
11110000001111000010111100011011100011101000000110
11101000001110100001111000010111100011011100001101
11011100001101100001110100001111000010111100011011
10111100001011100001101000001110000001111000010111
01111010000111100001010000000101000011110000001111
11110110001111000000110000000010000011101000011110
11101111000110100000110000000110000011010000111101
11011110000101100000110000000110000010110000111011
10111101000011100000000000000100000001100000110111
01111011000001100000010000000100000011100000101111
11110111100001000000010000000000000011000001011110
11101111000000100000000000000000000011000000111101
11011110100000100000000000000000000010000001111011
10111101100000000000000000000000000000000011110111
01111011100000000000000000000000000000000011101111
11110111100000000000000000000000000000000011011110
11101111010000000000000000000000000000000110111101
11011110110000001111111111111111111000000101111011
10111101111000111100000000000000001110001011110111
01111011110000100000000000000000000011000111101111
11110111101100000011111111111111110000001111011110
11101111011110010110101010101010101000011110111101
11011110111100011000000000000000001100011101111011
10111101111010000000000000000000000000011011110111
01111011110110000011111111111111110000110111101111
11110111101110011100000000000000001100001111011110
11101111011100000000000000000000000000011110111101
11011110111000000000000000000000000000001101111011
10111101111000000000000000000000000000001011110111
01111011110110000000000000000000000000010111101111
11110111101111011000000000000000000111101111011110
11101111011110111101111011110111101111011110111101
11011110111101111011110111101111011110111101111011
10111101111011110111101111011110111101111011110111
01111011110111101111011110111101111011110111101111
11110111101111011110111101111011110111101111011110
11101111011110111101111011110111101111011110111101
11011110111101111011110111101111011110111101111011
10111101111011110111101111011110111101111011110111
01111011110111101111011110111101111011110111101111
11110111101111011110111101111011110111101111011110
11101111011110111101111011110111101111011110111101
11011110111000000011100000000111000000011101111011
10111101111000000011100000000110000000011011110111
01111011110000000010000000000101000000010111101111
11110111101000000000000000000000000000001111011110
11101111011000000000000000000000000000011110111101
11011110111000000000000000000000000000011101111011
10111101111000000000000000000000000000011011110111
01111011110000111111111111111111111100010111101111
11110111101100010100100100100100100100101111011110
11101111011110000000000000000000000001011110111101
11011110111101000000000000000000000010111101111011
10111101111011100001111111111110000101111011110111
01111011110111100000000000000000001011110111101111
11110111101111010000000000000000000111101111011110
11101111011110110000000000000000001111011110111101
11011110111101110000000000000000001110111101111011
10111101111011110000000000000000001101111011110111
01111011110111100000000000000000001011110111101111
11110111101111010000000000000000000111101111011110
11101111011110110000000000000000001111011110111101
11011110111101110000000000000000001110111101111011
10111101111011110000000000000000001101111011110111
01111011110111100000000000000000001011110111101111
11110111101111010000000000000000000111101111011110
11101111011110100001111111111110000111011110111101
11011110111101000000000000000000000010111101111011
10111101111010000000000000000000000001111011110111
01111011110100001011011011011011010000110111101111
11110111101100011111111111111111111000101111011110
11101111011100000000000000000000000000011110111101
11011110111100000000000000000000000000111101111011
10111101100000111111111111111111111100000011110111
01111011100000000000000000000000000000000111101111
11110111100000000000000000000000000000000111011110
11101111000000000000000000000000000000000110111101
11011110100000000000000000000000000000000101111011
10111101100000000000000000000000000000000011110111
01111011110111101111011110111101111011110111101111
11110111101111011110111101111011110111101111011110
11101111011110111101111011110111101111011110111101
11011110111101111011110111101111011110111101111011
10111101111011110111101111011110111101111011110111
01111011110111101111011110111101111011110111101111
11110111101111011110111101111011110111101111011110
11101111011110111101111011110111101111011110111101
11011110111101111011110111101111011110111101111011
10111101111011110111101111011110111101111011110111
01111011110111101111011110111101111011110111101111
11110111101111011110111101111011110111101111011110
11101111011110111101111000000111101111011110111101
11011110111101111011110000000111011110111101111011
10111101111011110111100000000110111101111011110111
01111011110111101111010000000101111011110111101111
11110111101111011110110000000011110111101111011110
11101111011110111101110000000111101111011110111101
11011110111101111011110000001111011110111101111011
10111101111011110111100000000110111101111011110111
01111011110111101111000000000001111011110111101111
11110111101111011110000000000000110111101111011110
11101111011110111100000000000000001111011110111101
11011110111101111000000000000000001110111101111011
10111101111011110000000001000000000101111011110111
01111011110111100000000011100000000011110111101111
11110111101111010000000011100000000011101111011110
11101111011110100000001111111000000011011110111101
11011110111101100000001111111000000000111101111011
10111101111011100000000011100000000001111011110111
01111011110111100000000011100000000001110111101111
11110111101111000000000001000000000011101111011110
11101111011110110000000000000000000111011110111101
11011110111101110000000000000000000110111101111011
10111101111011110000000000000000001101111011110111
01111011110111101100111111111110011011110111101111
11110111101111011100111011101110010111101111011110
11101111011110111100000000000000001111011110111101
11011110111101111000000000000000011110111101111011
10111101111011110001111111111111001101111011110111
01111011110111101011100000000011101011110111101111
11110111101111010000000000000000000111101111011110
11101111011110110000000000000000000111011110111101
11011110111101111010000000000000011110111101111011
10111101111011110111100000000110111101111011110111
01111011110111101111000000000001111011110111101111
11110111000000000000000000000000000000000001011110
11101100000000000000000000000000000000000000011101
11011100000000000000000000000000000000000000011011
10111100000000000000000000000000000000000000110111
01111010000000000000000110110000000000000000101111
11110111001111011110111101111011110111101001011110
11101111011110111101111011110111101111011110111101
11011110111101111011110111101111011110111101111011
10111101111011110111101111011110111101111011110111
01111011110111101111011110111101111011110111101111
11110111101111011110111101111011110111101111011110
11101111011110111101111011110111101111011110111101
11011110111101111011110111101111011110111101111011
10111101111011110111101111011110111101111011110111
01111011110111101111011110111101111011110111101111
11110111101110011110111001111011110111101111011110
11101111011110001101110011110111101111011110111101
11011110111101000011100001101111011110111101111011
10111101111011000001100000011110111101111011110111
01111011110111000000000000111101111011110111101111
11110111101111000000000000000001110111101111011110
11101111011110000011000000111100001111011110111101
11011110111100001110000000011110001110111101111011
10111101111010001000000000000111100001111011110111
01111011110110000000000000000001110001110111101111
11110111101100000000000000000000111000101111011110
11101111011100011110000000000000011100011110111101
11011110111000111100000000000000001110001101111011
10111101110000111000000000000000000111001011110111
01111011110001110000000000000000000011100111101111
11110111100000100000000000011000000011100011011110
11101111000000000000000000001000000001110010111101
11011110100000000000000000011000000001110001111011
10111101100000000000000000110000000001110001110111
01111011000000000000000000100000000000111001101111
11110110000000000000000000000000000000111000011110
11101110000000000000000000000000000000011000111101
11011100000000000000000001000000000000011100111011
10111100000000000000000111000000000000001100010111
01111000110000000000011110000000000000001100001111
11110000110000000000111100000000000000001110011110
11101001100000000001111000000000000000001110011101
11011000100000000011110100000000000000001110011011
10111000000110000111101100000000000000001110010111
01111010000110001111011000000000000000000111001111
11110110000000011110100000000000000000000111001110
11101111011000111101100000000000000000000111001101
11011110111101111010000000000000000000000111001011
10111101111011110110000000000000000000000111000111
01111011110111101110000000000000000000000111001111
11110111101111011100000000000000000000000111001110
11101111011110111000000000000000000000000111001101
11011110111101111000000000000000000000000111001011
10111101111011110000000000000000000000000110000111
01111011110111100000000000000000000000000000001111
11110111101111010000000000000000000000000000001110
11101111011110111101111011110111101111011110111101
11011110111101111011110111101111011110111101111011
10111101111011110111101111011110111101111011110111
01111011110111101111011110111101111011110111101111
11110111101111011110111101111011110111101111011110
11101111011110111101111011110111101111011110111101
11011110111101111011110111101111011110111101111011
10111101111011110111101111011110111101111011110111
01111011110111101111011110111101111011110111101111
11110111101111011110111101111011110111101111011110
11101111011110111101111000010111101111011110111101
11011110111101111011100000001111011110111101111011
10111101111011110111100000000110111101111011110111
01111011110111101111000000000001111011110111101111
11110111101111011110000000000011110111101111011110
11101111011110111101000000000011101111011110111101
11011110111101111011000000000011011110111101111011
10111101111011110111100000000110111101111011110111
01111011110111101111000000000001111011110111101111
11110111101111011100000000000001110111101111011110
11101111011110111100000000000000101111011110111101
11011110111101111000000000000000011110111101111011
10111101111011110000000000000000001101111011110111
01111011110111100000000000000000001011110111101111
11110111101111010000000000000000000111101111011110
11101111011110110000000000000000001111011110111101
11011110111101110000000000000000001110111101111011
10111101111011110000000000000000011101111011110111
01111011110111101100000000000000111011110111101111
11110111101111011100000000000000110111101111011110
11101111011110111100000000000001101111011110111101
11011110111101110000000000000000001110111101111011
10111101111011100000000000000000000101111011110111
01111011110111000000000000000000000011110111101111
11110111101110000000000000000000000001101111011110
11101111011100000000000000000000000000011110111101
11011110111100000000000000000000000000111101111011
10111101111000000000000000000000000000011011110111
01111011110000000000000000000000000000010111101111
11110111100000000000000000000000000000001111011110
11101111010000000000000000000000000000001110111101
11011110110000000000000000000000000000001101111011
10111101110000000000000000000000000000001011110111
01111011110000000000000000000000000000000111101111
11110111100000000000000000000000000000001111011110
11101111010000000000000000000000000000001110111101
11011110110000000000000000000000000000001101111011
10111101111011110111101111011110111101111011110111
01111011110111101111011110111101111011110111101111
11110111101111011110111101111011110111101111011110
11101111011110111101111011110111101111011110111101
11011110111101111011110111101111011110111101111011
10111101111011110111101111011110111101111011110111
01111011110111101111011110111101111011110111101111
11111111111111111111111111111111111111111111111111
11111111111111111111111111111111111111111111111111
11111111111111111111111111111111111111111111111111
11111111111111111111111111111111111111111111111111
11111111111111111111111100111111111111111111111111
11111111111111111111111100111111111111111111111111
11111111111111111111100000000111111111111111111111
11111111111111111111100000000111111111111111111111
11111111111111111111110000001111111111111111111111
11111111111111111111111100111111111111111111111111
11111111111111111111111100111111111111111111111111
11111111111111111111111100111111111111111111111111
11111111111111111111111000011111111111111111111111
11111111111111111111110000001111111111111111111111
11111111111111111111100001000111111111111111111111
11111111111111111111000011000011111111111111111111
11111111110000000011000100100011000000001111111111
11111111000000000000000100100000000000000011111111
11111110001111111000000100100000011111100000111111
11111100001100001110000100100001110000111000111111
11111100111000000011000100100011000000011000111111
11111000110000000001100011000110000000001110011111
11111001100000000000100011001100000000000110011111
11111001100000000000010000001000000000000110011111
11111001100000000000010000011000000000000100011111
11111000110000000000001000110000000000001100011111
11111000010000000000001100110000000000001000011111
11111100011000000000000100100000000000011000111111
11111100001100000000000100100000000000110000111111
11111110000110000000000100110000000011100001111111
11111111000011000000011100110000000011000011111111
11111111100001101111111000011111111110000111111111
11111111110000111000000000000000011100001111111111
11111111111000000000000000000000000000011111111111
11111111111000000000000000000000000000011111111111
11111111111100000111111111111111100000111111111111
11111111111100001100100010001001110000111111111111
11111111111100011000000000000000011000111111111111
11111111111100000001111111111110000000111111111111
11111111110000011111000000000011111000001111111111
11111111110000110000000000000000011100001111111111
11111111110000000000000000000000000000001111111111
11111111111110000000000000000000000000111111111111
11111111111111000000000000000000000011111111111111
11111111111111111110000000000001111111111111111111
11111111111111111111111111111111111111111111111111
11111111111111111111111111111111111111111111111111
11111111111111111111111111111111111111111111111111
11111111111111111111111111111111111111111111111111
11111111111111111111111111111111111111111111111111
11111111111111111111111111111111111111111111111111
11111111111111111111111111111111111111111111111111
11111111111111111111111111111111111111111111111111
11111111111111111111111111111111111111111111111111
11111111111111111111111111111111111111111111111111
11111111111111111111111111111111111111111111111111
11111111111111111111111100011111111111111111111111
11111111111111000111111000001111110001111111111111
11111111111110000011110000000111100000111111111111
11111111111100000001110000000111000000011111111111
11111111111100000001111000001111000000011111111111
11111000011110000001111100011111100000011100001111
11110000011110000011111100011111100000111000000111
11110000001111000011111100011111100001111000000111
11110000001111100011111100011111100011111000000111
11110000001111100011111100011111100011111000000111
11111000001111100001111100011111100011111100001111
11111100001111100001111100011111000011111100011111
11111110001111100001111000001111000011111100011111
11111110001111100001110000000111000011111000011111
11111110001111100000110000000110000011111000111111
11111111000111100000110000000110000011110000111111
11111111000111100000110000000110000011110000111111
11111111000011100000010000000100000011100000111111
11111111000001100000010000000100000011100000111111
11111111100001100000010000000100000011000001111111
11111111100000100000000000000000000011000001111111
11111111100000100000000000000000000010000001111111
11111111100000000000000000000000000000000011111111
11111111100000000000000000000000000000000011111111
11111111100000000000000000000000000000000011111111
11111111110000000000000000000000000000000111111111
11111111110000001111111111111111111000000111111111
11111111111000111100000000000000001110001111111111
11111111111000100000000000000000000011001111111111
11111111111100000011111111111111110000011111111111
11111111111110010110101010101010101000011111111111
11111111111110011000000000000000001100011111111111
11111111111110000000000000000000000000011111111111
11111111111110000011111111111111110000111111111111
11111111111110011100000000000000001100011111111111
11111111111100000000000000000000000000011111111111
11111111111000000000000000000000000000001111111111
11111111111000000000000000000000000000001111111111
11111111111110000000000000000000000000011111111111
11111111111111111000000000000000001111111111111111
11111111111111111111111111111111111111111111111111
11111111111111111111111111111111111111111111111111
11111111111111111111111111111111111111111111111111
11111111111111111111111111111111111111111111111111
11111111111111111111111111111111111111111111111111
11111111111111111111111111111111111111111111111111
11111111111111111111111111111111111111111111111111
11111111111111111111111111111111111111111111111111
11111111111111111111111111111111111111111111111111
11111111111111111111111111111111111111111111111111
11111111111111111111111111111111111111111111111111
11111111111000000111100000000111100000011111111111
11111111111000000011100000000111000000011111111111
11111111111000000010100000000101000000011111111111
11111111111000000000000000000000000000011111111111
11111111111000000000000000000000000000011111111111
11111111111000000000000000000000000000011111111111
11111111111000000000000000000000000000011111111111
11111111111000111111111111111111111100011111111111
11111111111100010100100100100100100100111111111111
11111111111110000000000000000000000001111111111111
11111111111111000000000000000000000011111111111111
11111111111111100001111111111110000111111111111111
11111111111111110000000000000000001111111111111111
11111111111111110000000000000000001111111111111111
11111111111111110000000000000000001111111111111111
11111111111111110000000000000000001111111111111111
11111111111111110000000000000000001111111111111111
11111111111111110000000000000000001111111111111111
11111111111111110000000000000000001111111111111111
11111111111111110000000000000000001111111111111111
11111111111111110000000000000000001111111111111111
11111111111111110000000000000000001111111111111111
11111111111111110000000000000000001111111111111111
11111111111111110000000000000000001111111111111111
11111111111111100001111111111110000111111111111111
11111111111111000000000000000000000011111111111111
11111111111110000000000000000000000001111111111111
11111111111100001011011011011011010000111111111111
11111111111100011111111111111111111000111111111111
11111111111100000000000000000000000000111111111111
11111111111100000000000000000000000000111111111111
11111111100000111111111111111111111100000111111111
11111111100000000000000000000000000000000111111111
11111111100000000000000000000000000000000111111111
11111111100000000000000000000000000000000111111111
11111111100000000000000000000000000000000111111111
11111111100000000000000000000000000000000111111111
11111111111111111111111111111111111111111111111111
11111111111111111111111111111111111111111111111111
11111111111111111111111111111111111111111111111111
11111111111111111111111111111111111111111111111111
11111111111111111111111111111111111111111111111111
11111111111111111111111111111111111111111111111111
11111111111111111111111111111111111111111111111111
11111111111111111111111111111111111111111111111111
11111111111111111111111111111111111111111111111111
11111111111111111111111111111111111111111111111111
11111111111111111111111111111111111111111111111111
11111111111111111111111111111111111111111111111111
11111111111111111111111000001111111111111111111111
11111111111111111111110000000111111111111111111111
11111111111111111111110000000111111111111111111111
11111111111111111111110000000111111111111111111111
11111111111111111111110000000111111111111111111111
11111111111111111111110000000111111111111111111111
11111111111111111111111000001111111111111111111111
11111111111111111111110000000111111111111111111111
11111111111111111111000000000001111111111111111111
11111111111111111110000000000000111111111111111111
11111111111111111100000000000000011111111111111111
11111111111111111000000000000000001111111111111111
11111111111111110000000001000000000111111111111111
11111111111111110000000011100000000111111111111111
11111111111111110000000011100000000011111111111111
11111111111111100000001111111000000011111111111111
11111111111111100000001111111000000001111111111111
11111111111111100000000011100000000001111111111111
11111111111111100000000011100000000001111111111111
11111111111111100000000001000000000011111111111111
11111111111111110000000000000000000111111111111111
11111111111111110000000000000000000111111111111111
11111111111111111000000000000000001111111111111111
11111111111111111100111111111110011111111111111111
11111111111111111100111011101110011111111111111111
11111111111111111100000000000000011111111111111111
11111111111111111100000000000000011111111111111111
11111111111111111001111111111111001111111111111111
11111111111111111011100000000011101111111111111111
11111111111111110000000000000000000111111111111111
11111111111111110000000000000000000111111111111111
11111111111111111110000000000000011111111111111111
11111111111111111111110000000111111111111111111111
11111111111111111111100000000011111111111111111111
11111111000000000000000000000000000000000001111111
11111100000000000000000000000000000000000000011111
11111100000000000000000000000000000000000000011111
11111110000000000000000000000000000000000000111111
11111110000000000000000111110000000000000000111111
11111111001111111111111111111111111111111001111111
11111111111111111111111111111111111111111111111111
11111111111111111111111111111111111111111111111111
11111111111111111111111111111111111111111111111111
11111111111111111111111111111111111111111111111111
11111111111111111111111111111111111111111111111111
11111111111111111111111111111111111111111111111111
11111111111111111111111111111111111111111111111111
11111111111111111111111111111111111111111111111111
11111111111111111111111111111111111111111111111111
11111111111110011111111011111111111111111111111111
11111111111110001111110011111111111111111111111111
11111111111111000111100001111111111111111111111111
11111111111111000001100000111111111111111111111111
11111111111111000000000000111111111111111111111111
11111111111111000000000000000001111111111111111111
11111111111111000011000000111100011111111111111111
11111111111110001110000000011110001111111111111111
11111111111110001000000000000111100011111111111111
11111111111110000000000000000001110001111111111111
11111111111100000000000000000000111000111111111111
11111111111100011110000000000000011100011111111111
11111111111000111100000000000000001110001111111111
11111111110000111000000000000000000111001111111111
11111111110001110000000000000000000011100111111111
11111111110000100000000000011000000011100011111111
11111111100000000000000000001000000001110011111111
11111111100000000000000000011000000001110001111111
11111111100000000000000000110000000001110001111111
11111111000000000000000000100000000000111001111111
11111110000000000000000000000000000000111000111111
11111110000000000000000000000000000000011000111111
11111100000000000000000001000000000000011100111111
11111100000000000000000111000000000000001100011111
11111000110000000000011110000000000000001100011111
11111000110000000000111110000000000000001110011111
11111001100000000011111100000000000000001110011111
11111000100000000111111100000000000000001110011111
11111000000110001111111100000000000000001110011111
11111110000110001111111000000000000000000111001111
11111110000000011111100000000000000000000111001111
11111111111000111111100000000000000000000111001111
11111111111111111110000000000000000000000111001111
11111111111111111110000000000000000000000111001111
11111111111111111110000000000000000000000111001111
11111111111111111100000000000000000000000111001111
11111111111111111000000000000000000000000111001111
11111111111111111000000000000000000000000111001111
11111111111111110000000000000000000000000110001111
11111111111111110000000000000000000000000000001111
11111111111111110000000000000000000000000000001111
11111111111111111111111111111111111111111111111111
11111111111111111111111111111111111111111111111111
11111111111111111111111111111111111111111111111111
11111111111111111111111111111111111111111111111111
11111111111111111111111111111111111111111111111111
11111111111111111111111111111111111111111111111111
11111111111111111111111111111111111111111111111111
11111111111111111111111111111111111111111111111111
11111111111111111111111111111111111111111111111111
11111111111111111111111111111111111111111111111111
11111111111111111111111000011111111111111111111111
11111111111111111111100000001111111111111111111111
11111111111111111111100000000111111111111111111111
11111111111111111111000000000011111111111111111111
11111111111111111111000000000011111111111111111111
11111111111111111111000000000011111111111111111111
11111111111111111111000000000011111111111111111111
11111111111111111111100000000111111111111111111111
11111111111111111111000000000011111111111111111111
11111111111111111100000000000001111111111111111111
11111111111111111100000000000000111111111111111111
11111111111111111000000000000000011111111111111111
11111111111111111000000000000000001111111111111111
11111111111111110000000000000000001111111111111111
11111111111111110000000000000000001111111111111111
11111111111111110000000000000000001111111111111111
11111111111111110000000000000000001111111111111111
11111111111111111000000000000000011111111111111111
11111111111111111100000000000000111111111111111111
11111111111111111100000000000000111111111111111111
11111111111111111110000000000001111111111111111111
11111111111111110000000000000000001111111111111111
11111111111111100000000000000000000111111111111111
11111111111111000000000000000000000011111111111111
11111111111110000000000000000000000001111111111111
11111111111100000000000000000000000000111111111111
11111111111100000000000000000000000000111111111111
11111111111000000000000000000000000000011111111111
11111111110000000000000000000000000000011111111111
11111111110000000000000000000000000000001111111111
11111111110000000000000000000000000000001111111111
11111111110000000000000000000000000000001111111111
11111111110000000000000000000000000000001111111111
11111111110000000000000000000000000000001111111111
11111111110000000000000000000000000000001111111111
11111111110000000000000000000000000000001111111111
11111111110000000000000000000000000000001111111111
11111111111111111111111111111111111111111111111111
11111111111111111111111111111111111111111111111111
11111111111111111111111111111111111111111111111111
11111111111111111111111111111111111111111111111111
11111111111111111111111111111111111111111111111111
11111111111111111111111111111111111111111111111111
11111111111111111111111111111111111111111111111111
11110111101111011110111101111011110111101111011110
11101111011110111101111011110111101111011110111101
11011110111101111011110100101111011110111101111011
10111101111011110111101100011110111101111011110111
01111011110111101111011000011101111011110111101111
11110111101111011110100000000011110111101111011110
11101111011110111101100000000111101111011110111101
11011110111101111011110000001111011110111101111011
10111101111011110111101100011110111101111011110111
01111011110111101111011000011101111011110111101111
11110111101111011110111100111011110111101111011110
11101111011110111101110000010111101111011110111101
11011110111101111011110000000111011110111101111011
10111101111011110111100000000110111101111011110111
01111011110111101111000011000001111011110111101111
11110111100000000110000111100001100000000111011110
11101110000000000000000111110000000000000000111101
11011100000000000000001111110000000000000000111011
10111000011111111000000111110000011111111000010111
01111000111111111111000111100011111111111100001111
11110001111111111111100011000111111111111110001110
11100001111111111111100011000111111111111110001101
11010001111111111111100000001111111111111111001011
10110011111111111111110000001111111111111110000111
01110001111111111111111000001111111111111110001111
11110000111111111111111100111111111111111100001110
11101000111111111111111100111111111111111100011101
11011000011111111111111100111111111111111000011011
10111100001111111111111100111111111111110000110111
01111000000111111111111100111111111111100001101111
11110111000011110000000000000000001111000011011110
11101111000000000000000000000000000000000110111101
11011110110000000000000000000000000000001101111011
10111101110000000111111111111111100000001011110111
01111011110001111111111111111111111110010111101111
11110111101100000000000000000000000000001111011110
11101111011100000011111111111111000000011110111101
11011110111100011111111111111111110000111101111011
10111101111000000000000000000000000000011011110111
01111011110000000000000000000000000000000111101111
11110111100000000001111111111110000000000111011110
11101111010000000001111111111110000000000110111101
11011110111000000000000000000000000000011101111011
10111101111000000000000000000000000001111011110111
01111011110111101100000000000000111011110111101111
11110111101111011110111101111011110111101111011110
11101111011110111101111011110111101111011110111101
11011110111101111011110111101111011110111101111011
10111101111011110111101111011110111101111011110111
01111011110111101111011110111101111011110111101111
11110111101111011110111101111011110111101111011110
11101111011110111101111011110111101111011110111101
11011110111101111011110111101111011110111101111011
10111101111011110111101111011110111101111011110111
01111011110111101111011110111101111011110111101111
11110111101111000110111100011011110011101111011110
11101111011110000001111000000111100001011110111101
11011110111100000001110000000111000000111101111011
10111101111010000001101001000110000000111011110111
01111000010110001001011000001101000100110111101111
11110000001110000000111100011011000000101100011110
11101000000110000001111000010111100001011000001101
11011000000101100011110100001111000000110000001011
10111001000011100011101100011110100001110001000111
01111000000111100001011100011101000011110000001111
11110100000111010000111100011011000011101000011110
11101110000110110001111000010111000011011000011101
11011110000101110000110000001110000010110000111011
10111101000011110000101001001110000001110001110111
01111011000011100000011001001100000011100001101111
11110111000011010000111001001010000011100001011110
11101111000000110010011001000100100011000000111101
11011110100001110010010001000100110010000001111011
10111101100001110010001001100100110000000001110111
01111011100000100011000011100000110000000011101111
11110111100000010011000011100001100000110011011110
11101111010010000011100011100001100000110010111101
11011110110010000111100000000000100001110001111011
10111101110010000000000000000000000011100011110111
01111011110000000000000001000000000011000111101111
11110111101000000011111111111111100000000111011110
11101111011000001111111111111111111100001110111101
11011110111000000000000000000000000000001101111011
10111101111000000000000000000000000000011011110111
01111011110100000000000000000000000000010111101111
11110111101110000011111111111111100000101111011110
11101111011110000000000000000000000000011110111101
11011110111100000000000000000000000000111101111011
10111101111010000111111111111111100000111011110111
01111011110110011100000000000000011100110111101111
11110111101110000000000000000000000000101111011110
11101111011100000000000000000000000000011110111101
11011110111100000011111111111111100000011101111011
10111101111000000011111111111111100000011011110111
01111011110110000000000000000000000000110111101111
11110111101111011100000000000000000111101111011110
11101111011110111101111011110111101111011110111101
11011110111101111011110111101111011110111101111011
10111101111011110111101111011110111101111011110111
01111011110111101111011110111101111011110111101111
11110111101111011110111101111011110111101111011110
11101111011110111101111011110111101111011110111101
11011110111101111011110111101111011110111101111011
10111101111011110111101111011110111101111011110111
01111011110111101111011110111101111011110111101111
11110111101111011110111101111011110111101111011110
11101111011110111101111011110111101111011110111101
11011110111100000011110000001111000000111101111011
10111101111000000011100000000110000000011011110111
01111011110000000011000000000101000000010111101111
11110111101000100000000011000000000100001111011110
11101111011000100000000011000000000100011110111101
11011110111000111111111111111111111100011101111011
10111101111000001000001001001000001000011011110111
01111011110000000000000000000000000000010111101111
11110111101000000000000000000000000000101111011110
11101111011110001111111111111111110000011110111101
11011110111100000000000000000000000010111101111011
10111101111011100000000000000000000001111011110111
01111011110111100000100100100100001011110111101111
11110111101111010001111111111110000111101111011110
11101111011110110001111111111110001111011110111101
11011110111101110001111111111110001110111101111011
10111101111011110001111111111110001101111011110111
01111011110111100001111111111110001011110111101111
11110111101111010001111111111110000111101111011110
11101111011110110001111111111110001111011110111101
11011110111101110001111111111110001110111101111011
10111101111011110001111111111110001101111011110111
01111011110111100001111111111110001011110111101111
11110111101111010001010101010100000111101111011110
11101111011110110000000000000000001111011110111101
11011110111101100000000000000000000110111101111011
10111101111011000011111111111111000001111011110111
01111011110110000000000000000000000001110111101111
11110111101110000000000000000000000001101111011110
11101111011110000000000000000000000001011110111101
11011110111100011111111111111111111000111101111011
10111101111010011111111111111111111000111011110111
01111011100000000000000000000000000000000111101111
11110111100000000000000000000000000000000111011110
11101111000001010101010101010101010100000110111101
11011110100011111111111111111111111111000101111011
10111101100000000000000000000000000000000011110111
01111011100000000000000000000000000000000111101111
11110111101111011110111101111011110111101111011110
11101111011110111101111011110111101111011110111101
11011110111101111011110111101111011110111101111011
10111101111011110111101111011110111101111011110111
01111011110111101111011110111101111011110111101111
11110111101111011110111101111011110111101111011110
11101111011110111101111011110111101111011110111101
11011110111101111011110111101111011110111101111011
10111101111011110111101111011110111101111011110111
01111011110111101111011110111101111011110111101111
11110111101111011110111000001011110111101111011110
11101111011110111101110000000111101111011110111101
11011110111101111011110001000111011110111101111011
10111101111011110111100011100110111101111011110111
01111011110111101111010001000101111011110111101111
11110111101111011110110000000011110111101111011110
11101111011110111101111000000111101111011110111101
11011110111101111011100000000011011110111101111011
10111101111011110111000010100000111101111011110111
01111011110111101110000111110000111011110111101111
11110111101111011100001111111000010111101111011110
11101111011110111000011111111110001111011110111101
11011110111101110000111100011110000110111101111011
10111101111011100001111100011111100001111011110111
01111011110111100011110100010111100011110111101111
11110111101111000011110000000111100001101111011110
11101111011110000111110000000111110001011110111101
11011110111101000111111100011111110000111101111011
10111101111011000111111100011111110001111011110111
01111011110111100011111111111111100011110111101111
11110111101111010011111111111111100111101111011110
11101111011110110001111111111111100111011110111101
11011110111101111000000000000000001110111101111011
10111101111011110100000000000000011101111011110111
01111011110111101100001101101100011011110111101111
11110111101111011100011111111110010111101111011110
11101111011110111100010110110100001111011110111101
11011110111101111000000000000000001110111101111011
10111101111011110000000000000000001101111011110111
01111011110111100000011111111100000011110111101111
11110111101111010100010000000000010111101111011110
11101111011110111101000000000001001111011110111101
11011110111101111011000000000001011110111101111011
10111101111011110110000110010000111101111011110111
01111010000000000000001100011000000000000000101111
11110100000000000000111000001110000000000000011110
11101100001010101011110000000111101010101000011101
11011100001111111110110000000011111111111000011011
10111100000000000000000011000000000000000000110111
01111011100000000000001110111000000000000001101111
11110111101111011110111101111011110111101111011110
11101111011110111101111011110111101111011110111101
11011110111101111011110111101111011110111101111011
10111101111011110111101111011110111101111011110111
01111011110111101111011110111101111011110111101111
11110111101111011110111101111011110111101111011110
11101111011110111101111011110111101111011110111101
11011110111101111011110111101111011110111101111011
10111101111011110111101111011110111101111011110111
01111011110111101111011110111101111011110111101111
11110111101111011110110001111011110111101111011110
11101111011100011101110011110111101111011110111101
11011110111100001011100001101111011110111101111011
10111101111010000001100000011110111101111011110111
01111011110111000001000000111101111011110111101111
11110111101111000100001100001011110111101111011110
11101111011110001100001110000000101111011110111101
11011110111100000100011110000000001110111101111011
10111101111000000001111110011110000001111011110111
01111011110110010001111111111111110000110111101111
11110111101000111111111111111111111000001111011110
11101111011000100011111111111111111100001110111101
11011110111001000011111111111111111110001101111011
10111101110011000111111111111111111110001011110111
01111011110001001111111111111111111111000111101111
11110111100011011111111111100011111111100011011110
11101111000011111111111111110011111111100010111101
11011110100111111111111111000111111111110001111011
10111101001111111111111111000111111111110001110111
01111010001111111111111111000111111111110000101111
11110110001111111111111100000111111111111000011110
11101100011111111111110000000111111111111100111101
11011100011111111111000000000111111111111100011011
10111001100111111000000110001111111111111110010111
01111000100111110000011110001111111111111100001111
11110000111111100010111100001111111111111110011110
11101000110011000101111000011111111111111110011101
11011000000000001011110000111111111111111110001011
10111100000000000111100000111111111111111111000111
01111011000000001111000001111111111111111111001111
11110111101000011110000011111111111111111111001110
11101111011110111100000111111111111111111111001101
11011110111101111010011111111111111111111111001011
10111101111011110100011111111111111111111111000111
01111011110111101000111111111111111111111111001111
11110111101111011000111111111111111111111111001110
11101111011110110001111111111111111111111110001101
11011110111101110000000000000000000000000000001011
10111101111011110000000000000000000000000000000111
01111011110111101111011110111101111011110111101111
11110111101111011110111101111011110111101111011110
11101111011110111101111011110111101111011110111101
11011110111101111011110111101111011110111101111011
10111101111011110111101111011110111101111011110111
01111011110111101111011110111101111011110111101111
11110111101111011110111101111011110111101111011110
11101111011110111101111011110111101111011110111101
11011110111101111011110111101111011110111101111011
10111101111011110111101111011110111101111011110111
01111011110111101111011110111101111011110111101111
11110111101111011110111101111011110111101111011110
11101111011110111101111000010111101111011110111101
11011110111101111011110000001111011110111101111011
10111101111011110111100000000110111101111011110111
01111011110111101111000011000001111011110111101111
11110111101111011110000111100011110111101111011110
11101111011110111101001111100011101111011110111101
11011110111101111011000111110011011110111101111011
10111101111011110111000111100010111101111011110111
01111011110111101111000011000101111011110111101111
11110111101111011110000011000001110111101111011110
11101111011110111100000111100000101111011110111101
11011110111101111000001111110000011110111101111011
10111101111011110000111111111100011101111011110111
01111011110111100001111111111110001011110111101111
11110111101111010001111111111110000111101111011110
11101111011110110001111111111110001111011110111101
11011110111101110001111111111110001110111101111011
10111101111011110001111111111110001101111011110111
01111011110111101000111111111100011011110111101111
11110111101111011000000111100000110111101111011110
11101111011110111100000011000000101111011110111101
11011110111101111000000111100000011110111101111011
10111101111011110000001111110000001101111011110111
01111011110111100000111111111100000011110111101111
11110111101111000011111111111111000011101111011110
11101111011110000111111111111111100001011110111101
11011110111100001111111111111111110000111101111011
10111101111000011111111111111111111000111011110111
01111011110000011111111111111111111000010111101111
11110111101000111111111111111111111100001111011110
11101111010000111111111111111111111100001110111101
11011110110001111111111111111111111110001101111011
10111101110001111111111111111111111110001011110111
01111011110001111111111111111111111110000111101111
11110111100011111111111111111111111111001111011110
11101111010000000000000000000000000000001110111101
11011110110000000000000000000000000000001101111011
10111101110000000000000000000000000000001011110111
01111011110111101111011110111101111011110111101111
11110111101111011110111101111011110111101111011110
11101111011110111101111011110111101111011110111101
11011110111101111011110111101111011110111101111011
10111101111011110111101111011110111101111011110111
01111011110111101111011110111101111011110111101111
11111111111111111111111111111111111111111111111111
11111111111111111111111111111111111111111111111111
11111111111111111111111100111111111111111111111111
11111111111111111111111100111111111111111111111111
11111111111111111111111000011111111111111111111111
11111111111111111111100000000111111111111111111111
11111111111111111111100000000111111111111111111111
11111111111111111111110000001111111111111111111111
11111111111111111111111100111111111111111111111111
11111111111111111111111000011111111111111111111111
11111111111111111111111100111111111111111111111111
11111111111111111111110000011111111111111111111111
11111111111111111111110000000111111111111111111111
11111111111111111111100000000111111111111111111111
11111111111111111111000011000011111111111111111111
11111111100000000110000111100001100000000111111111
11111110000000000000000111110000000000000001111111
11111100000000000000001111110000000000000000111111
11111000011111111000000111110000011111111000011111
11111000111111111111000111100011111111111100011111
11110001111111111111100011000111111111111110001111
11110001111111111111100011000111111111111110001111
11110001111111111111100000001111111111111111001111
11110011111111111111110000001111111111111110001111
11110001111111111111111000001111111111111110001111
11110000111111111111111100111111111111111100001111
11111000111111111111111100111111111111111100011111
11111000011111111111111100111111111111111000011111
11111100001111111111111100111111111111110000111111
11111100000111111111111100111111111111100001111111
11111111000011110000000000000000001111000011111111
11111111100000000000000000000000000000000111111111
11111111110000000000000000000000000000001111111111
11111111110000000111111111111111100000001111111111
11111111111001111111111111111111111110011111111111
11111111111100000000000000000000000000011111111111
11111111111100000011111111111111000000111111111111
11111111111100011111111111111111110000111111111111
11111111111000000000000000000000000000011111111111
11111111110000000000000000000000000000001111111111
11111111100000000001111111111110000000000111111111
11111111110000000001111111111110000000000111111111
11111111111000000000000000000000000000011111111111
11111111111100000000000000000000000001111111111111
11111111111111111100000000000000111111111111111111
11111111111111111111111111111111111111111111111111
11111111111111111111111111111111111111111111111111
11111111111111111111111111111111111111111111111111
11111111111111111111111111111111111111111111111111
11111111111111111111111111111111111111111111111111
11111111111111111111111111111111111111111111111111
11111111111111111111111111111111111111111111111111
11111111111111111111111111111111111111111111111111
11111111111111111111111111111111111111111111111111
11111111111111111111111111111111111111111111111111
11111111111111000111111100011111110011111111111111
11111111111110000011111000001111100001111111111111
11111111111110000001111000000111000000111111111111
11111111111110000001111001000111000000111111111111
11111100011110001001111000001111000100111111111111
11111000001110000001111100011111000000111100011111
11111000000111000011111100011111100001111000001111
11111000000111100011111100011111100001110000001111
11111001000111100011111100011111100011110001001111
11111000000111110001111100011111000011111000001111
11111100000111110001111100011111000011111000011111
11111110000111110001111100011111000011111000011111
11111110000111110000111000001110000011110000111111
11111111000111110000111001001110000011110001111111
11111111000011110000111001001110000011100001111111
11111111000011110000111001001110000011100001111111
11111111000001110010011001001100100011000001111111
11111111100001110010011001000100110010000001111111
11111111100001110010001001100100110000000001111111
11111111100000110011000011100000110000000011111111
11111111110000110011000011100001100000110011111111
11111111110010000011100011100001100000110011111111
11111111110010000111100000000000100001110011111111
11111111110010000000000000000000000011100011111111
11111111110000000000000001000000000011000111111111
11111111111000000011111111111111100000000111111111
11111111111000001111111111111111111100001111111111
11111111111000000000000000000000000000001111111111
11111111111100000000000000000000000000011111111111
11111111111100000000000000000000000000011111111111
11111111111110000011111111111111100000111111111111
11111111111110000000000000000000000000111111111111
11111111111110000000000000000000000000111111111111
11111111111110000111111111111111100000111111111111
11111111111110011100000000000000011100111111111111
11111111111110000000000000000000000000111111111111
11111111111100000000000000000000000000011111111111
11111111111100000011111111111111100000011111111111
11111111111100000011111111111111100000011111111111
11111111111110000000000000000000000000111111111111
11111111111111111100000000000000001111111111111111
11111111111111111111111111111111111111111111111111
11111111111111111111111111111111111111111111111111
11111111111111111111111111111111111111111111111111
11111111111111111111111111111111111111111111111111
11111111111111111111111111111111111111111111111111
11111111111111111111111111111111111111111111111111
11111111111111111111111111111111111111111111111111
11111111111111111111111111111111111111111111111111
11111111111111111111111111111111111111111111111111
11111111111111111111111111111111111111111111111111
11111111111111111111111111111111111111111111111111
11111111111100000111110000001111100000111111111111
11111111111000000011100000000111000000011111111111
11111111111000000011100000000111000000011111111111
11111111111000100000000011000000000100011111111111
11111111111000100000000011000000000100011111111111
11111111111000111111111111111111111100011111111111
11111111111000001000001001001000001000011111111111
11111111111000000000000000000000000000011111111111
11111111111000000000000000000000000000111111111111
11111111111110001111111111111111110000111111111111
11111111111110000000000000000000000011111111111111
11111111111111100000000000000000000011111111111111
11111111111111100000100100100100001111111111111111
11111111111111110001111111111110001111111111111111
11111111111111110001111111111110001111111111111111
11111111111111110001111111111110001111111111111111
11111111111111110001111111111110001111111111111111
11111111111111110001111111111110001111111111111111
11111111111111110001111111111110001111111111111111
11111111111111110001111111111110001111111111111111
11111111111111110001111111111110001111111111111111
11111111111111110001111111111110001111111111111111
11111111111111110001111111111110001111111111111111
11111111111111110001010101010100001111111111111111
11111111111111110000000000000000001111111111111111
11111111111111100000000000000000000111111111111111
11111111111111000011111111111111000011111111111111
11111111111110000000000000000000000001111111111111
11111111111110000000000000000000000001111111111111
11111111111110000000000000000000000001111111111111
11111111111110011111111111111111111001111111111111
11111111111110011111111111111111111000111111111111
11111111100000000000000000000000000000000111111111
11111111100000000000000000000000000000000111111111
11111111100001010101010101010101010100000111111111
11111111100011111111111111111111111111000111111111
11111111100000000000000000000000000000000111111111
11111111100000000000000000000000000000000111111111
11111111111111111111111111111111111111111111111111
11111111111111111111111111111111111111111111111111
11111111111111111111111111111111111111111111111111
11111111111111111111111111111111111111111111111111
11111111111111111111111111111111111111111111111111
11111111111111111111111111111111111111111111111111
11111111111111111111111111111111111111111111111111
11111111111111111111111111111111111111111111111111
11111111111111111111111111111111111111111111111111
11111111111111111111111111111111111111111111111111
11111111111111111111111000001111111111111111111111
11111111111111111111110000000111111111111111111111
11111111111111111111110001000111111111111111111111
11111111111111111111110011100111111111111111111111
11111111111111111111110001000111111111111111111111
11111111111111111111110000000111111111111111111111
11111111111111111111111000001111111111111111111111
11111111111111111111100000000011111111111111111111
11111111111111111111000010100001111111111111111111
11111111111111111110000111110000111111111111111111
11111111111111111100001111111000011111111111111111
11111111111111111000011111111110001111111111111111
11111111111111110000111100011110000111111111111111
11111111111111100001111100011111100011111111111111
11111111111111100011110100010111100011111111111111
11111111111111000011110000000111100001111111111111
11111111111111000111110000000111110001111111111111
11111111111111000111111100011111110001111111111111
11111111111111000111111100011111110001111111111111
11111111111111100011111111111111100011111111111111
11111111111111110011111111111111100111111111111111
11111111111111110001111111111111100111111111111111
11111111111111111000000000000000001111111111111111
11111111111111111100000000000000011111111111111111
11111111111111111100001101101100011111111111111111
11111111111111111100011111111110011111111111111111
11111111111111111100010110110100011111111111111111
11111111111111111000000000000000001111111111111111
11111111111111111000000000000000001111111111111111
11111111111111110000011111111100000111111111111111
11111111111111110100010000000000010111111111111111
11111111111111111101000000000001011111111111111111
11111111111111111111000000000001111111111111111111
11111111111111111110000110010000111111111111111111
11111110000000000000001100011000000000000000111111
11111100000000000000111000001110000000000000011111
11111100001010101011110000000111101010101000011111
11111100001111111110110000000011111111111000011111
11111110000000000000000011100000000000000000111111
11111111100000000000001111111000000000000001111111
11111111111111111111111111111111111111111111111111
11111111111111111111111111111111111111111111111111
11111111111111111111111111111111111111111111111111
11111111111111111111111111111111111111111111111111
11111111111111111111111111111111111111111111111111
11111111111111111111111111111111111111111111111111
11111111111111111111111111111111111111111111111111
11111111111111111111111111111111111111111111111111
11111111111111111111111111111111111111111111111111
11111111111111111111111111111111111111111111111111
11111111111111111111110011111111111111111111111111
11111111111100011111110011111111111111111111111111
11111111111110001111100001111111111111111111111111
11111111111110000001100000111111111111111111111111
11111111111111000001000000111111111111111111111111
11111111111111000100001100001111111111111111111111
11111111111111001100001110000000111111111111111111
11111111111110000100011110000000001111111111111111
11111111111100000001111110011110000011111111111111
11111111111110010001111111111111110000111111111111
11111111111000111111111111111111111000011111111111
11111111111000100011111111111111111100001111111111
11111111111001000011111111111111111110001111111111
11111111110011000111111111111111111110001111111111
11111111110001001111111111111111111111000111111111
11111111110011011111111111100011111111100011111111
11111111100011111111111111110011111111100011111111
11111111100111111111111111000111111111110001111111
11111111001111111111111111000111111111110001111111
11111110001111111111111111000111111111110000111111
11111110001111111111111100000111111111111000111111
11111100011111111111110000000111111111111100111111
11111100011111111111000000000111111111111100011111
11111001100111111000000110001111111111111110011111
11111000100111110000111110001111111111111100011111
11111000111111100011111100001111111111111110011111
11111000110011000111111100011111111111111110011111
11111000000000001111111000111111111111111110001111
11111100000000001111110000111111111111111111001111
11111111000000011111100001111111111111111111001111
11111111111000111111000011111111111111111111001111
11111111111111111110000111111111111111111111001111
11111111111111111110011111111111111111111111001111
11111111111111111100011111111111111111111111001111
11111111111111111000111111111111111111111111001111
11111111111111111000111111111111111111111111001111
11111111111111110001111111111111111111111110001111
11111111111111110000000000000000000000000000001111
11111111111111110000000000000000000000000000001111
11111111111111111111111111111111111111111111111111
11111111111111111111111111111111111111111111111111
11111111111111111111111111111111111111111111111111
11111111111111111111111111111111111111111111111111
11111111111111111111111111111111111111111111111111
11111111111111111111111111111111111111111111111111
11111111111111111111111111111111111111111111111111
11111111111111111111111111111111111111111111111111
11111111111111111111111111111111111111111111111111
11111111111111111111111111111111111111111111111111
11111111111111111111111111111111111111111111111111
11111111111111111111111111111111111111111111111111
11111111111111111111111000011111111111111111111111
11111111111111111111110000001111111111111111111111
11111111111111111111100000000111111111111111111111
11111111111111111111000011000011111111111111111111
11111111111111111111000111100011111111111111111111
11111111111111111111001111100011111111111111111111
11111111111111111111000111110011111111111111111111
11111111111111111111000111100011111111111111111111
11111111111111111111100011000111111111111111111111
11111111111111111110000011000001111111111111111111
11111111111111111100000111100000111111111111111111
11111111111111111000001111110000111111111111111111
11111111111111111000111111111100011111111111111111
11111111111111110001111111111110001111111111111111
11111111111111110001111111111110001111111111111111
11111111111111110001111111111110001111111111111111
11111111111111110001111111111110001111111111111111
11111111111111110001111111111110001111111111111111
11111111111111111000111111111100011111111111111111
11111111111111111000000111100000111111111111111111
11111111111111111100000011000000111111111111111111
11111111111111111100000111100000011111111111111111
11111111111111110000001111110000001111111111111111
11111111111111100000111111111100000111111111111111
11111111111111000011111111111111000011111111111111
11111111111110000111111111111111100001111111111111
11111111111110001111111111111111110000111111111111
11111111111100011111111111111111111000111111111111
11111111111000011111111111111111111000011111111111
11111111111000111111111111111111111100011111111111
11111111110000111111111111111111111100001111111111
11111111110001111111111111111111111110001111111111
11111111110001111111111111111111111110001111111111
11111111110001111111111111111111111110001111111111
11111111110011111111111111111111111111001111111111
11111111110000000000000000000000000000001111111111
11111111110000000000000000000000000000001111111111
11111111110000000000000000000000000000001111111111
11111111111111111111111111111111111111111111111111
11111111111111111111111111111111111111111111111111
11111111111111111111111111111111111111111111111111
11111111111111111111111111111111111111111111111111
11111111111111111111111111111111111111111111111111
11111111111111111111111111111111111111111111111111
11110111101111011110111101111011110111101111011110
11101111011110111101111011110111101111011110111101
11011110111101111011110111101111011110111101111011
10111101111011110111101111011110111101111011110111
01111011110111101111011110111101111011110111101111
11110111101111011110111101111011110111101111011110
11101111011110111101111011110111101111011110111101
11011110111101111011110111101111011110111101111011
10111101111011110111101111011110111101111011110111
01111011110111101111011110111101111011110111101111
11110111101111011110111101111011110111101111011110
11101111011110111101111011110111101111011110111101
11011110111101111011110111101111011110111101111011
10111101111011110111101111011110111101111011110111
01111011110111101111011110111101111011110111101111
11110111101111011110111101111011110111101111011110
11101111011110111101111011110111101111011110111101
11011110111101111011110111101111011110111101111011
10111101111011110111101111011110111101111011110111
01111011110111101111011110111101111011110111101111
11110111101111011110111101111011110111101111011110
11101111011110111101111011110111101111011110111101
11011110111101111011110111101111011110111101111011
10111101111011110111101111011110111101111011110111
01111011110111101111011110111101111011110111101111
11110111101111011110111101111011110111101111011110
11101111011110111101111011110111101111011110111101
11011110111101111011110111101111011110111101111011
10111101111011110111101111011110111101111011110111
01111011110111101111011110111101111011110111101111
11110111101111011110111101111011110111101111011110
11101111011110111101111011110111101111011110111101
11011110111101111011110111101111011110111101111011
10111101111011110111101111011110111101111011110111
01111011110111101111011110111101111011110111101111
11110111101111011110111101111011110111101111011110
11101111011110111101111011110111101111011110111101
11011110111101111011110111101111011110111101111011
10111101111011110111101111011110111101111011110111
01111011110111101111011110111101111011110111101111
11110111101111011110111101111011110111101111011110
11101111011110111101111011110111101111011110111101
11011110111101111011110111101111011110111101111011
10111101111011110111101111011110111101111011110111
01111011110111101111011110111101111011110111101111
11110111101111011110111101111011110111101111011110
11101111011110111101111011110111101111011110111101
11011110111101111011110111101111011110111101111011
10111101111011110111101111011110111101111011110111
01111011110111101111011110111101111011110111101111
